17817 13173
17225 12572
18130 13471
16839 12277
16279 11630
16430 11782
15667 10596
15972 10969
14095 10063
6050 3130
14410 9759
13683 9096
15691 10883
15421 10649
13783 9126
22353 18558
22707 19199
23227 20102
24865 21224
24429 20785
23052 19443
24222 20578
23995 20275
22986 19316
24207 20634
23669 20031
23611 19963
23412 18775
24595 20950
22458 19293
7048 4252
8168 5182
2053 1651
6389 3599
13904 9247
7411 4621
2812 2571
6822 4032
2131 1730
6855 4065
1900 1496
638 673
1137 812
1770 1368
21990 18154
13840 9584
1335 675
21833 18322
2554 2342
22026 18383
22083 18439
207 956
1219 894
23029 19367
22089 18446
23037 18198
23096 18302
21853 489
15016 10368
14786 10137
15099 10451
14141 9484
14777 10128
15448 10793
6127 3210
14595 9942
13865 9208
1907 1503
13818 1737
17514 12871
2421 2432
25008 21360
24431 20788
23865 20251
23849 20234
22609 18783
21981 18331
22967 19326
23007 19424
23082 19439
23143 19636
22636 18982
22995 19452
22005 161
