2555 35045
27592 37015
34332 38269
27211 36865
26934 36893
2821 35420
27231 36790
27371 37005
27089 37318
26879 36330
2548 35635
26837 36376
27999 37469
25880 35647
28000 37408
47199 51188
46755 50218
46806 50431
46453 50336
47061 51122
46420 50395
47106 51214
48108 51117
47329 50730
46294 50367
46079 50012
47130 50199
46806 50412
47993 52034
46899 50612
6314 24962
6467 14795
1309 1582
1022 1791
5471 13709
14906 17597
297 48773
7220 15813
14905 15347
7331 16993
7239 17433
2154 3919
4178 18447
1241 764
10501 21748
1157 733
191 48717
3953 1380
984 1681
4652 4782
1218 1477
1848 1624
44910 48868
3361 3366
44858 48931
2234 3296
1306 1752
944 1559
270 703
44966 49204
45362 49335
2497 4397
45364 49172
296 705
4089 3557
2312 35400
1807 35404
1002 1696
1807 35406
45305 49297
45181 49279
44931 49156
2582 35579
2204 3261
2158 3065
1852 3902
32488 44393
33183 42609
33605 43350
32617 42229
32306 41136
32107 41567
31502 39642
27747 38542
26376 36613
27438 37081
26593 36609
28949 39010
27377 36660
27254 36802
26747 36521
26318 36133
26499 36209
26372 36116
27387 37186
26028 35880
27236 36885
26553 35971
25632 35854
25619 35259
25445 35867
4615 4563
26757 36458
25510 35099
25655 35654
25741 35365
25855 35467
25763 35385
25999 35603
26066 35327
25525 35425
25757 35377
2029 3077
26128 3899
2619 3733
1929 3268
2481 4578
2298 2945
25901 35209
45558 49914
46655 50598
46851 50515
46367 50801
46577 50580
46872 49457
45445 50692
46008 49983
46035 50065
46564 50490
46819 50321
46834 50532
47908 51900
46084 49672
45831 49769
46103 50051
46150 49655
46474 50352
45627 49581
46186 49959
44734 49396
46089 49718
45430 49629
45106 48760
45640 49602
46100 50144
44703 48653
45410 49383
48430 51914
45646 49619
45435 49398
45671 49613
44660 49254
44735 48660
45339 49124
44898 48636
863 48948
44907 48855
44990 48634
47156 51137
47238 51268
48876 48829
44730 48642
