38635 44984
38547 44897
37809 44152
36374 42766
37137 43525
37830 44178
36411 42801
37042 43431
34731 42886
34739 41108
36558 42964
33231 39548
34258 40666
34209 40570
35622 40986
23968 31307
24034 32236
25616 32815
23407 30729
24205 31367
23590 29938
22965 29373
23026 30251
21655 28863
22196 28559
20897 28492
20961 28246
20843 28443
20892 28331
21266 28499
17130 16947
33892 40332
33932 40283
33875 40230
33814 40101
3092 3094
825 10
18536 7236
6582 5128
6628 4989
18431 15692
33964 40322
33794 39899
34069 40425
3238 1192
2287 1140
3186 5400
33936 40480
576 1434
34069 40450
32942 336
3068 1564
3232 2183
3165 2091
5469 3375
3138 5429
19376 25749
6132 3357
33826 40118
18575 26788
3039 4291
34007 39880
577 1658
18660 25905
601 259
34935 42387
35080 41808
34925 41378
35580 42071
35584 42542
36058 42253
35417 41445
35011 42014
35740 42438
34773 41773
36085 42491
35161 41896
34361 40781
35992 42080
34302 40673
34333 40758
34439 40840
33317 39632
35806 41677
878 400
34429 40012
33276 39586
35870 41639
34493 40895
33310 39703
35906 41723
33715 40051
34220 40579
33445 39767
33012 114
33147 39460
35881 41708
33689 39832
34172 40400
33179 40510
20586 27630
20856 28441
20578 27212
20590 27523
20714 27268
21143 28099
20338 27935
20751 27444
20497 26941
20234 27027
24581 31805
19773 25983
20364 27590
19764 27177
19867 26739
18903 26526
19250 4909
19432 26027
19044 4221
5927 5931
19747 26587
19579 4499
5643 7258
6102 5596
19239 5179
19395 26709
19433 4612
19341 25681
19483 25948
19436 4780
19390 26787
18785 4555
19394 25918
19484 4762
19486 4570
